starttime	ttime	endtime
1704062319.4108305	9.989738464355469e-05	1704062319.4109304
1704062319.4109468	5.936622619628906e-05	1704062319.4110062
1704062319.4110103	4.100799560546875e-05	1704062319.4110513
1704062319.4110537	4.029273986816406e-05	1704062319.411094
1704062319.4110959	5.340576171875e-05	1704062319.4111493
1704062319.4111526	5.245208740234375e-05	1704062319.411205
1704062319.411208	4.76837158203125e-05	1704062319.4112556
1704062319.4112575	4.2438507080078125e-05	1704062319.4113
1704062319.4113016	4.3392181396484375e-05	1704062319.411345
1704062319.4113476	4.553794860839844e-05	1704062319.4113932
1704062319.4113958	4.291534423828125e-05	1704062319.4114387
1704062319.411441	5.6743621826171875e-05	1704062319.4114978
1704062319.4115005	5.030632019042969e-05	1704062319.4115508
1704062319.411556	5.412101745605469e-05	1704062319.4116101
1704062319.4116123	5.078315734863281e-05	1704062319.411663
1704062319.4116657	6.532669067382812e-05	1704062319.411731
1704062319.4117346	6.818771362304688e-05	1704062319.4118028
1704062319.411806	6.532669067382812e-05	1704062319.4118714
1704062319.411875	7.677078247070312e-05	1704062319.4119518
1704062319.411956	6.842613220214844e-05	1704062319.4120245
1704062319.4120274	6.628036499023438e-05	1704062319.4120936
1704062319.412097	6.628036499023438e-05	1704062319.4121633
1704062319.412168	7.557868957519531e-05	1704062319.4122436
1704062319.4122481	7.486343383789062e-05	1704062319.412323
1704062319.4123275	7.033348083496094e-05	1704062319.4123979
1704062319.4124022	6.175041198730469e-05	1704062319.412464
1704062319.412468	6.556510925292969e-05	1704062319.4125335
1704062319.4125376	6.937980651855469e-05	1704062319.412607
1704062319.412611	7.462501525878906e-05	1704062319.4126856
1704062319.41269	5.9604644775390625e-05	1704062319.4127495
1704062319.4127526	6.103515625e-05	1704062319.4128137
1704062319.4128165	6.29425048828125e-05	1704062319.4128795
1704062319.4128838	6.961822509765625e-05	1704062319.4129534
1704062319.4129581	6.818771362304688e-05	1704062319.4130263
1704062319.4130304	7.534027099609375e-05	1704062319.4131057
1704062319.41311	6.818771362304688e-05	1704062319.4131782
1704062319.4131823	6.103515625e-05	1704062319.4132433
1704062319.4132462	6.842613220214844e-05	1704062319.4133146
1704062319.4133186	7.486343383789062e-05	1704062319.4133935
1704062319.4133961	6.723403930664062e-05	1704062319.4134634
1704062319.4134688	7.200241088867188e-05	1704062319.4135408
1704062319.4135447	7.104873657226562e-05	1704062319.4136157
1704062319.4136188	6.67572021484375e-05	1704062319.4136856
1704062319.4136896	6.914138793945312e-05	1704062319.4137588
1704062319.4137619	7.43865966796875e-05	1704062319.4138362
1704062319.41384	6.961822509765625e-05	1704062319.4139097
1704062319.4139128	6.961822509765625e-05	1704062319.4139824
1704062319.413987	7.224082946777344e-05	1704062319.4140592
1704062319.4140627	6.794929504394531e-05	1704062319.4141307
1704062319.414134	6.556510925292969e-05	1704062319.4141996
1704062319.4142032	6.29425048828125e-05	1704062319.414266
1704062319.4142697	6.222724914550781e-05	1704062319.414332
1704062319.4143355	6.866455078125e-05	1704062319.4144042
1704062319.4144077	6.103515625e-05	1704062319.4144688
1704062319.414472	6.532669067382812e-05	1704062319.4145374
1704062319.4145408	6.127357482910156e-05	1704062319.414602
1704062319.4146059	6.866455078125e-05	1704062319.4146745
1704062319.4146786	7.033348083496094e-05	1704062319.414749
1704062319.4147527	7.081031799316406e-05	1704062319.4148235
1704062319.41483	6.818771362304688e-05	1704062319.4148982
1704062319.4149022	6.461143493652344e-05	1704062319.4149668
1704062319.4149704	6.318092346191406e-05	1704062319.4150336
1704062319.4150388	6.103515625e-05	1704062319.4150999
1704062319.4151032	5.841255187988281e-05	1704062319.4151616
1704062319.415165	5.817413330078125e-05	1704062319.4152231
1704062319.4152265	5.6743621826171875e-05	1704062319.4152832
1704062319.4152865	5.269050598144531e-05	1704062319.4153392
1704062319.415342	5.435943603515625e-05	1704062319.4153965
1704062319.4153993	5.53131103515625e-05	1704062319.4154546
1704062319.4154575	5.602836608886719e-05	1704062319.4155135
1704062319.4155166	5.364418029785156e-05	1704062319.4155703
1704062319.4155734	5.3882598876953125e-05	1704062319.4156272
1704062319.4156327	5.817413330078125e-05	1704062319.415691
1704062319.4156942	5.9604644775390625e-05	1704062319.4157538
1704062319.4157574	6.031990051269531e-05	1704062319.4158177
1704062319.415821	5.8650970458984375e-05	1704062319.4158797
1704062319.415883	5.8650970458984375e-05	1704062319.4159417
1704062319.4159453	6.0558319091796875e-05	1704062319.4160058
1704062319.416009	5.793571472167969e-05	1704062319.416067
1704062319.41607	5.745887756347656e-05	1704062319.4161274
1704062319.4161305	5.7697296142578125e-05	1704062319.4161882
1704062319.4161916	5.745887756347656e-05	1704062319.416249
1704062319.4162524	6.246566772460938e-05	1704062319.4163148
1704062319.4163184	6.341934204101562e-05	1704062319.4163818
1704062319.4163857	6.270408630371094e-05	1704062319.4164484
1704062319.416452	6.246566772460938e-05	1704062319.4165144
1704062319.4165182	6.270408630371094e-05	1704062319.416581
1704062319.4165845	6.29425048828125e-05	1704062319.4166474
1704062319.4166508	6.270408630371094e-05	1704062319.4167135
1704062319.4167168	6.580352783203125e-05	1704062319.4167826
1704062319.4167862	6.651878356933594e-05	1704062319.4168527
1704062319.4168565	6.747245788574219e-05	1704062319.416924
1704062319.4169283	7.081031799316406e-05	1704062319.416999
1704062319.4170039	6.508827209472656e-05	1704062319.417069
1704062319.417073	6.413459777832031e-05	1704062319.4171371
1704062319.4171412	7.104873657226562e-05	1704062319.4172122
1704062319.4172163	7.033348083496094e-05	1704062319.4172866
1704062319.4172904	6.67572021484375e-05	1704062319.4173572
1704062319.4173622	7.772445678710938e-05	1704062319.41744
1704062319.4174445	6.794929504394531e-05	1704062319.4175124
1704062319.4175165	7.390975952148438e-05	1704062319.4175904
1704062319.4175944	6.628036499023438e-05	1704062319.4176607
1704062319.4176648	7.653236389160156e-05	1704062319.4177413
1704062319.417747	9.274482727050781e-05	1704062319.4178398
1704062319.4178452	9.179115295410156e-05	1704062319.417937
1704062319.4179423	8.20159912109375e-05	1704062319.4180243
1704062319.4180295	8.940696716308594e-05	1704062319.418119
1704062319.4181252	9.846687316894531e-05	1704062319.4182236
1704062319.4182293	9.846687316894531e-05	1704062319.4183278
1704062319.4183345	9.775161743164062e-05	1704062319.4184322
1704062319.4184384	0.00010752677917480469	1704062319.418546
1704062319.418552	0.000102996826171875	1704062319.418655
1704062319.4186614	0.0001010894775390625	1704062319.4187624
1704062319.4187684	9.417533874511719e-05	1704062319.4188626
1704062319.4188693	9.632110595703125e-05	1704062319.4189656
1704062319.4189703	8.606910705566406e-05	1704062319.4190564
1704062319.4190612	8.20159912109375e-05	1704062319.4191432
1704062319.419148	8.392333984375e-05	1704062319.419232
1704062319.4192371	8.630752563476562e-05	1704062319.4193234
1704062319.4193282	8.535385131835938e-05	1704062319.4194136
1704062319.4194183	8.225440979003906e-05	1704062319.4195006
1704062319.419505	7.081031799316406e-05	1704062319.4195757
1704062319.419579	6.103515625e-05	1704062319.41964
1704062319.419644	6.461143493652344e-05	1704062319.4197087
1704062319.4197128	6.246566772460938e-05	1704062319.4197752
1704062319.4197793	6.890296936035156e-05	1704062319.4198482
1704062319.4198518	6.198883056640625e-05	1704062319.4199138
1704062319.4199176	6.29425048828125e-05	1704062319.4199805
1704062319.4199839	6.079673767089844e-05	1704062319.4200447
1704062319.420053	6.0558319091796875e-05	1704062319.4201136
1704062319.420117	5.888938903808594e-05	1704062319.4201758
1704062319.4201791	5.793571472167969e-05	1704062319.420237
1704062319.4202402	5.817413330078125e-05	1704062319.4202983
1704062319.4203012	5.888938903808594e-05	1704062319.42036
1704062319.420363	5.745887756347656e-05	1704062319.4204204
1704062319.4204237	5.626678466796875e-05	1704062319.42048
1704062319.4204834	5.4836273193359375e-05	1704062319.4205382
1704062319.4205408	5.626678466796875e-05	1704062319.420597
1704062319.4206004	5.602836608886719e-05	1704062319.4206564
1704062319.4206598	5.6743621826171875e-05	1704062319.4207165
1704062319.4207199	5.745887756347656e-05	1704062319.4207773
1704062319.4207807	5.7697296142578125e-05	1704062319.4208384
1704062319.4208417	5.888938903808594e-05	1704062319.4209006
1704062319.420904	5.793571472167969e-05	1704062319.4209619
1704062319.4209652	5.340576171875e-05	1704062319.4210186
1704062319.4210222	5.650520324707031e-05	1704062319.4210787
1704062319.4210818	4.839897155761719e-05	1704062319.4211302
1704062319.4211333	4.839897155761719e-05	1704062319.4211817
1704062319.4211845	4.673004150390625e-05	1704062319.4212313
1704062319.4212341	4.863739013671875e-05	1704062319.4212828
1704062319.4212854	4.7206878662109375e-05	1704062319.4213326
1704062319.4213352	4.863739013671875e-05	1704062319.4213839
1704062319.4213867	4.76837158203125e-05	1704062319.4214344
1704062319.4214373	4.8160552978515625e-05	1704062319.4214854
1704062319.421488	5.0067901611328125e-05	1704062319.421538
1704062319.421541	4.9114227294921875e-05	1704062319.42159
1704062319.4215925	4.792213439941406e-05	1704062319.4216404
1704062319.4216433	4.9591064453125e-05	1704062319.4216928
1704062319.4216957	5.030632019042969e-05	1704062319.421746
1704062319.4217486	5.698204040527344e-05	1704062319.4218056
1704062319.4218092	6.079673767089844e-05	1704062319.42187
1704062319.421873	6.222724914550781e-05	1704062319.4219353
1704062319.4219387	6.246566772460938e-05	1704062319.4220011
1704062319.4220045	5.936622619628906e-05	1704062319.4220638
1704062319.4220667	5.817413330078125e-05	1704062319.4221249
1704062319.422128	5.7697296142578125e-05	1704062319.4221857
1704062319.4221885	5.245208740234375e-05	1704062319.422241
1704062319.422244	5.435943603515625e-05	1704062319.4222984
1704062319.4223018	5.555152893066406e-05	1704062319.4223573
1704062319.4223604	5.4836273193359375e-05	1704062319.4224153
1704062319.4224186	5.4836273193359375e-05	1704062319.4224734
1704062319.4224765	6.270408630371094e-05	1704062319.4225392
1704062319.4225426	7.843971252441406e-05	1704062319.422621
1704062319.4226263	7.2479248046875e-05	1704062319.4226987
1704062319.4227016	5.435943603515625e-05	1704062319.422756
1704062319.4227586	5.316734313964844e-05	1704062319.4228117
1704062319.4228146	5.3882598876953125e-05	1704062319.4228685
1704062319.4228716	5.316734313964844e-05	1704062319.4229248
1704062319.4229276	4.982948303222656e-05	1704062319.4229774
1704062319.42298	4.410743713378906e-05	1704062319.4230242
1704062319.4230268	4.38690185546875e-05	1704062319.4230707
1704062319.4230733	4.506111145019531e-05	1704062319.4231184
1704062319.423121	4.482269287109375e-05	1704062319.4231658
1704062319.4231682	4.38690185546875e-05	1704062319.423212
1704062319.4232147	4.410743713378906e-05	1704062319.4232588
1704062319.4232614	4.5299530029296875e-05	1704062319.4233067
1704062319.423309	4.553794860839844e-05	1704062319.4233546
1704062319.4233572	4.649162292480469e-05	1704062319.4234037
1704062319.4234064	4.5299530029296875e-05	1704062319.4234517
1704062319.4234543	4.553794860839844e-05	1704062319.4234998
1704062319.4235024	4.8160552978515625e-05	1704062319.4235506
1704062319.4235532	4.887580871582031e-05	1704062319.423602
1704062319.4236052	4.9591064453125e-05	1704062319.4236548
1704062319.4236577	5.125999450683594e-05	1704062319.423709
1704062319.423712	4.601478576660156e-05	1704062319.423758
1704062319.423761	4.7206878662109375e-05	1704062319.423808
1704062319.4238107	4.744529724121094e-05	1704062319.4238582
1704062319.423861	5.173683166503906e-05	1704062319.4239128
1704062319.4239156	4.601478576660156e-05	1704062319.4239616
1704062319.4239647	4.6253204345703125e-05	1704062319.424011
1704062319.4240139	5.245208740234375e-05	1704062319.4240663
1704062319.4240694	4.863739013671875e-05	1704062319.424118
1704062319.424121	5.0067901611328125e-05	1704062319.424171
1704062319.4241738	4.982948303222656e-05	1704062319.4242237
1704062319.4242263	4.9114227294921875e-05	1704062319.4242754
1704062319.424278	4.863739013671875e-05	1704062319.4243267
1704062319.4243314	4.57763671875e-05	1704062319.4243772
1704062319.4243796	4.8160552978515625e-05	1704062319.4244277
1704062319.4244304	4.839897155761719e-05	1704062319.4244788
1704062319.4244814	4.8160552978515625e-05	1704062319.4245296
1704062319.424532	4.696846008300781e-05	1704062319.424579
1704062319.4245815	4.744529724121094e-05	1704062319.424629
1704062319.4246318	4.696846008300781e-05	1704062319.4246788
1704062319.4246814	4.9114227294921875e-05	1704062319.4247305
1704062319.4247334	4.839897155761719e-05	1704062319.4247818
1704062319.4247847	4.887580871582031e-05	1704062319.4248335
1704062319.4248364	4.792213439941406e-05	1704062319.4248843
1704062319.4248872	4.863739013671875e-05	1704062319.4249358
1704062319.4249387	4.792213439941406e-05	1704062319.4249866
1704062319.4249892	4.696846008300781e-05	1704062319.4250362
1704062319.425039	4.792213439941406e-05	1704062319.425087
1704062319.4250898	4.8160552978515625e-05	1704062319.425138
1704062319.4251406	4.744529724121094e-05	1704062319.425188
1704062319.425191	4.8160552978515625e-05	1704062319.425239
1704062319.425242	4.9591064453125e-05	1704062319.4252915
1704062319.4252942	4.839897155761719e-05	1704062319.4253426
1704062319.425345	4.8160552978515625e-05	1704062319.425393
1704062319.4253957	4.744529724121094e-05	1704062319.4254432
1704062319.4254458	4.744529724121094e-05	1704062319.4254932
1704062319.4254963	4.9114227294921875e-05	1704062319.4255455
1704062319.425548	4.863739013671875e-05	1704062319.4255967
1704062319.4255996	4.887580871582031e-05	1704062319.4256485
1704062319.4256513	4.887580871582031e-05	1704062319.4257002
1704062319.4257033	4.863739013671875e-05	1704062319.425752
1704062319.4257548	4.8160552978515625e-05	1704062319.425803
1704062319.4258056	4.839897155761719e-05	1704062319.425854
1704062319.425857	4.7206878662109375e-05	1704062319.4259043
1704062319.4259071	4.696846008300781e-05	1704062319.425954
1704062319.425957	4.76837158203125e-05	1704062319.4260046
1704062319.4260075	4.76837158203125e-05	1704062319.4260552
1704062319.426058	4.982948303222656e-05	1704062319.426108
1704062319.4261107	5.3882598876953125e-05	1704062319.4261646
1704062319.4261675	4.9591064453125e-05	1704062319.426217
1704062319.4262195	4.839897155761719e-05	1704062319.4262679
1704062319.4262705	4.9114227294921875e-05	1704062319.4263196
1704062319.4263227	6.031990051269531e-05	1704062319.426383
1704062319.4263859	4.744529724121094e-05	1704062319.4264333
1704062319.4264362	4.863739013671875e-05	1704062319.4264848
1704062319.4264874	7.271766662597656e-05	1704062319.4265602
1704062319.4265635	7.43865966796875e-05	1704062319.426638
1704062319.4266417	6.389617919921875e-05	1704062319.4267056
1704062319.426712	6.842613220214844e-05	1704062319.4267805
1704062319.4267838	6.866455078125e-05	1704062319.4268525
1704062319.426856	6.246566772460938e-05	1704062319.4269185
1704062319.4269261	7.700920104980469e-05	1704062319.4270031
1704062319.427007	6.461143493652344e-05	1704062319.4270716
1704062319.427075	5.91278076171875e-05	1704062319.427134
1704062319.4271376	5.817413330078125e-05	1704062319.4271958
1704062319.4271996	5.817413330078125e-05	1704062319.4272578
1704062319.4272614	5.8650970458984375e-05	1704062319.42732
1704062319.4273238	6.103515625e-05	1704062319.4273849
1704062319.4273882	5.507469177246094e-05	1704062319.4274433
1704062319.4274466	5.507469177246094e-05	1704062319.4275017
1704062319.4275048	5.412101745605469e-05	1704062319.427559
1704062319.4275625	5.555152893066406e-05	1704062319.427618
1704062319.4276214	5.602836608886719e-05	1704062319.4276774
1704062319.427681	5.459785461425781e-05	1704062319.4277356
1704062319.4277387	5.626678466796875e-05	1704062319.427795
1704062319.427798	5.8650970458984375e-05	1704062319.4278567
1704062319.4278603	6.0558319091796875e-05	1704062319.4279208
1704062319.4279242	5.793571472167969e-05	1704062319.427982
1704062319.4279857	5.745887756347656e-05	1704062319.4280431
1704062319.4280462	6.461143493652344e-05	1704062319.4281108
1704062319.4281144	6.437301635742188e-05	1704062319.4281788
1704062319.4281824	6.29425048828125e-05	1704062319.4282453
1704062319.428249	6.723403930664062e-05	1704062319.428316
1704062319.4283195	6.0558319091796875e-05	1704062319.42838
1704062319.4283838	6.103515625e-05	1704062319.4284449
1704062319.4284484	6.079673767089844e-05	1704062319.4285092
1704062319.428513	6.008148193359375e-05	1704062319.4285731
1704062319.4285767	5.7697296142578125e-05	1704062319.4286344
1704062319.428638	5.9604644775390625e-05	1704062319.4286976
1704062319.4287007	5.7697296142578125e-05	1704062319.4287584
1704062319.4287615	5.6743621826171875e-05	1704062319.4288182
1704062319.4288213	5.888938903808594e-05	1704062319.4288802
1704062319.428884	6.532669067382812e-05	1704062319.4289494
1704062319.4289536	6.461143493652344e-05	1704062319.4290183
1704062319.4290226	6.461143493652344e-05	1704062319.4290872
1704062319.4290907	6.437301635742188e-05	1704062319.429155
1704062319.4291592	6.270408630371094e-05	1704062319.4292219
1704062319.4292262	6.437301635742188e-05	1704062319.4292905
1704062319.4292946	8.130073547363281e-05	1704062319.429376
1704062319.4293816	9.274482727050781e-05	1704062319.4294744
1704062319.4294796	8.797645568847656e-05	1704062319.4295676
1704062319.4295726	8.535385131835938e-05	1704062319.429658
1704062319.4296627	8.58306884765625e-05	1704062319.4297485
1704062319.4297538	8.821487426757812e-05	1704062319.429842
1704062319.429847	8.58306884765625e-05	1704062319.4299328
1704062319.4299376	8.440017700195312e-05	1704062319.430022
1704062319.430027	8.678436279296875e-05	1704062319.4301138
1704062319.4301188	8.559226989746094e-05	1704062319.4302044
1704062319.4302099	8.535385131835938e-05	1704062319.4302952
1704062319.4303002	8.630752563476562e-05	1704062319.4303865
1704062319.4303913	8.940696716308594e-05	1704062319.4304807
1704062319.4304855	9.679794311523438e-05	1704062319.4305823
1704062319.4305882	0.00010132789611816406	1704062319.4306896
1704062319.4306965	0.00011348724365234375	1704062319.43081
1704062319.4308164	0.00010514259338378906	1704062319.4309216
1704062319.4309273	9.679794311523438e-05	1704062319.431024
1704062319.4310303	9.489059448242188e-05	1704062319.4311252
1704062319.4311306	9.894371032714844e-05	1704062319.4312296
1704062319.4312358	9.679794311523438e-05	1704062319.4313326
1704062319.4313424	8.416175842285156e-05	1704062319.4314265
1704062319.431432	7.128715515136719e-05	1704062319.4315033
1704062319.4315078	6.079673767089844e-05	1704062319.4315686
1704062319.4315722	6.0558319091796875e-05	1704062319.4316328
1704062319.4316359	6.151199340820312e-05	1704062319.4316974
1704062319.4317012	6.079673767089844e-05	1704062319.431762
1704062319.4317656	6.651878356933594e-05	1704062319.431832
1704062319.4318361	6.532669067382812e-05	1704062319.4319015
1704062319.4319053	6.771087646484375e-05	1704062319.431973
1704062319.431977	6.580352783203125e-05	1704062319.4320428
1704062319.4320464	5.91278076171875e-05	1704062319.4321055
1704062319.4321094	6.079673767089844e-05	1704062319.4321702
1704062319.4321828	6.723403930664062e-05	1704062319.43225
1704062319.4322538	6.914138793945312e-05	1704062319.432323
1704062319.4323268	6.079673767089844e-05	1704062319.4323876
1704062319.4323912	5.745887756347656e-05	1704062319.4324486
1704062319.4324517	6.079673767089844e-05	1704062319.4325125
1704062319.4325159	5.8650970458984375e-05	1704062319.4325745
1704062319.432578	5.936622619628906e-05	1704062319.4326375
1704062319.4326413	6.914138793945312e-05	1704062319.4327104
1704062319.432714	5.841255187988281e-05	1704062319.4327724
1704062319.4327757	6.175041198730469e-05	1704062319.4328375
1704062319.432841	6.651878356933594e-05	1704062319.4329076
1704062319.4329119	6.67572021484375e-05	1704062319.4329786
1704062319.4329824	6.747245788574219e-05	1704062319.43305
1704062319.433054	6.985664367675781e-05	1704062319.4331238
1704062319.433128	6.747245788574219e-05	1704062319.4331956
1704062319.4331992	6.628036499023438e-05	1704062319.4332654
1704062319.433269	6.151199340820312e-05	1704062319.4333305
1704062319.4333334	6.031990051269531e-05	1704062319.4333937
1704062319.4333975	5.888938903808594e-05	1704062319.4334564
1704062319.43346	5.984306335449219e-05	1704062319.4335198
1704062319.4335232	6.008148193359375e-05	1704062319.4335833
1704062319.4335868	6.008148193359375e-05	1704062319.433647
1704062319.4336503	6.127357482910156e-05	1704062319.4337115
1704062319.4337149	5.936622619628906e-05	1704062319.4337742
1704062319.4337778	6.318092346191406e-05	1704062319.433841
1704062319.4338453	5.91278076171875e-05	1704062319.4339044
1704062319.4339082	6.175041198730469e-05	1704062319.43397
1704062319.4339736	6.175041198730469e-05	1704062319.4340353
1704062319.4340386	5.91278076171875e-05	1704062319.4340978
1704062319.434101	5.841255187988281e-05	1704062319.4341595
1704062319.4341636	5.817413330078125e-05	1704062319.4342217
1704062319.4342256	6.0558319091796875e-05	1704062319.434286
1704062319.4342895	5.555152893066406e-05	1704062319.434345
1704062319.4343483	5.698204040527344e-05	1704062319.4344053
1704062319.434409	5.7220458984375e-05	1704062319.4344661
1704062319.4344695	6.29425048828125e-05	1704062319.4345324
1704062319.4345362	5.8650970458984375e-05	1704062319.4345949
1704062319.4345984	7.653236389160156e-05	1704062319.434675
1704062319.4346797	7.534027099609375e-05	1704062319.434755
1704062319.4347637	6.365776062011719e-05	1704062319.4348273
1704062319.434831	6.222724914550781e-05	1704062319.4348931
1704062319.4348965	6.0558319091796875e-05	1704062319.434957
1704062319.4349606	5.91278076171875e-05	1704062319.4350197
1704062319.435023	5.5789947509765625e-05	1704062319.4350789
1704062319.4350824	5.412101745605469e-05	1704062319.4351366
1704062319.4351397	5.2928924560546875e-05	1704062319.4351926
1704062319.4351957	5.53131103515625e-05	1704062319.435251
1704062319.4352543	5.626678466796875e-05	1704062319.4353106
1704062319.435314	5.459785461425781e-05	1704062319.4353685
1704062319.4353719	5.459785461425781e-05	1704062319.4354265
1704062319.4354296	5.435943603515625e-05	1704062319.435484
1704062319.4354873	5.4836273193359375e-05	1704062319.435542
1704062319.4355452	5.245208740234375e-05	1704062319.4355977
1704062319.435601	5.3882598876953125e-05	1704062319.4356549
1704062319.435658	5.435943603515625e-05	1704062319.4357123
1704062319.435716	5.5789947509765625e-05	1704062319.4357717
1704062319.4357748	5.412101745605469e-05	1704062319.435829
1704062319.4358323	5.53131103515625e-05	1704062319.4358876
1704062319.4358907	5.435943603515625e-05	1704062319.435945
1704062319.4359481	5.364418029785156e-05	1704062319.4360018
1704062319.4360049	5.269050598144531e-05	1704062319.4360576
1704062319.4360607	5.412101745605469e-05	1704062319.4361148
1704062319.4361174	5.7697296142578125e-05	1704062319.436175
1704062319.4361782	5.841255187988281e-05	1704062319.4362366
1704062319.43624	5.5789947509765625e-05	1704062319.4362957
1704062319.4362988	6.747245788574219e-05	1704062319.4363663
1704062319.4363697	5.745887756347656e-05	1704062319.436427
1704062319.4364305	5.9604644775390625e-05	1704062319.43649
1704062319.4364939	5.91278076171875e-05	1704062319.436553
1704062319.4365563	5.984306335449219e-05	1704062319.4366162
1704062319.4366205	5.888938903808594e-05	1704062319.4366794
1704062319.4366832	7.534027099609375e-05	1704062319.4367585
1704062319.4367652	6.67572021484375e-05	1704062319.436832
1704062319.436837	7.367134094238281e-05	1704062319.4369106
1704062319.436915	6.961822509765625e-05	1704062319.4369845
1704062319.4369886	6.723403930664062e-05	1704062319.4370558
1704062319.4370596	7.987022399902344e-05	1704062319.4371395
1704062319.437144	7.200241088867188e-05	1704062319.437216
1704062319.4372206	7.343292236328125e-05	1704062319.437294
1704062319.4372985	7.319450378417969e-05	1704062319.4373717
1704062319.437376	7.414817810058594e-05	1704062319.4374502
1704062319.437455	7.081031799316406e-05	1704062319.4375257
1704062319.43753	7.081031799316406e-05	1704062319.4376009
1704062319.437605	7.104873657226562e-05	1704062319.437676
1704062319.4376805	6.771087646484375e-05	1704062319.4377482
1704062319.4377532	7.82012939453125e-05	1704062319.4378314
1704062319.4378355	7.43865966796875e-05	1704062319.4379098
1704062319.4379146	7.462501525878906e-05	1704062319.4379892
1704062319.437993	6.771087646484375e-05	1704062319.4380608
1704062319.4380653	7.867813110351562e-05	1704062319.438144
1704062319.438149	7.152557373046875e-05	1704062319.4382205
1704062319.4382248	6.318092346191406e-05	1704062319.438288
1704062319.438292	7.081031799316406e-05	1704062319.4383628
1704062319.4383671	7.486343383789062e-05	1704062319.438442
1704062319.438446	9.036064147949219e-05	1704062319.4385364
1704062319.4385414	9.131431579589844e-05	1704062319.4386327
1704062319.4386375	7.271766662597656e-05	1704062319.4387102
1704062319.4387143	6.67572021484375e-05	1704062319.438781
1704062319.4387846	6.842613220214844e-05	1704062319.438853
1704062319.438857	6.67572021484375e-05	1704062319.4389238
1704062319.4389281	6.628036499023438e-05	1704062319.4389944
1704062319.4389982	5.6743621826171875e-05	1704062319.439055
1704062319.439058	5.698204040527344e-05	1704062319.439115
1704062319.4391189	6.0558319091796875e-05	1704062319.4391794
1704062319.439184	6.580352783203125e-05	1704062319.4392498
1704062319.439254	6.628036499023438e-05	1704062319.4393203
1704062319.4393241	6.67572021484375e-05	1704062319.439391
1704062319.439394	7.987022399902344e-05	1704062319.4394739
1704062319.439478	6.890296936035156e-05	1704062319.4395468
1704062319.4395516	6.532669067382812e-05	1704062319.439617
1704062319.4396205	6.29425048828125e-05	1704062319.4396834
1704062319.439687	6.127357482910156e-05	1704062319.4397483
1704062319.4397519	6.508827209472656e-05	1704062319.439817
1704062319.439821	6.914138793945312e-05	1704062319.4398901
1704062319.439894	7.2479248046875e-05	1704062319.4399664
1704062319.4399703	6.556510925292969e-05	1704062319.4400358
1704062319.4400396	7.081031799316406e-05	1704062319.4401104
1704062319.4401143	6.246566772460938e-05	1704062319.4401767
1704062319.4401808	6.031990051269531e-05	1704062319.440241
1704062319.4402447	6.246566772460938e-05	1704062319.4403071
1704062319.4403107	6.222724914550781e-05	1704062319.440373
1704062319.4403763	6.127357482910156e-05	1704062319.4404376
1704062319.440441	5.841255187988281e-05	1704062319.4404993
1704062319.4405022	5.841255187988281e-05	1704062319.4405606
1704062319.440564	5.7220458984375e-05	1704062319.4406211
1704062319.4406245	5.91278076171875e-05	1704062319.4406836
1704062319.440687	5.793571472167969e-05	1704062319.4407449
1704062319.4407485	5.6743621826171875e-05	1704062319.4408052
1704062319.4408088	5.698204040527344e-05	1704062319.4408658
1704062319.440869	5.6743621826171875e-05	1704062319.4409258
1704062319.440929	5.650520324707031e-05	1704062319.4409854
1704062319.4409888	5.7697296142578125e-05	1704062319.4410465
1704062319.44105	5.7220458984375e-05	1704062319.4411073
1704062319.4411118	6.151199340820312e-05	1704062319.4411733
1704062319.441177	5.7697296142578125e-05	1704062319.4412346
1704062319.441238	5.698204040527344e-05	1704062319.441295
1704062319.441298	5.650520324707031e-05	1704062319.4413545
1704062319.4413579	5.650520324707031e-05	1704062319.4414144
1704062319.4414177	5.745887756347656e-05	1704062319.4414752
1704062319.4414787	5.698204040527344e-05	1704062319.4415357
1704062319.441539	5.650520324707031e-05	1704062319.4415956
1704062319.4415987	5.7697296142578125e-05	1704062319.4416564
1704062319.4416597	5.602836608886719e-05	1704062319.4417157
1704062319.441719	5.5789947509765625e-05	1704062319.4417748
1704062319.441778	5.650520324707031e-05	1704062319.4418344
1704062319.4418378	5.888938903808594e-05	1704062319.4418967
1704062319.4419007	6.103515625e-05	1704062319.4419618
1704062319.4419653	6.413459777832031e-05	1704062319.4420295
1704062319.4420338	5.91278076171875e-05	1704062319.442093
1704062319.4420962	5.6743621826171875e-05	1704062319.442153
1704062319.4421566	5.602836608886719e-05	1704062319.4422126
1704062319.4422162	5.602836608886719e-05	1704062319.4422722
1704062319.4422758	6.461143493652344e-05	1704062319.4423404
1704062319.4423442	5.555152893066406e-05	1704062319.4423997
1704062319.442403	5.7220458984375e-05	1704062319.4424603
1704062319.4424636	6.389617919921875e-05	1704062319.4425275
1704062319.4425309	5.841255187988281e-05	1704062319.4425893
1704062319.4425926	6.794929504394531e-05	1704062319.4426606
1704062319.4426641	6.389617919921875e-05	1704062319.442728
1704062319.4427319	6.008148193359375e-05	1704062319.442792
1704062319.442795	5.555152893066406e-05	1704062319.4428506
1704062319.4428537	5.555152893066406e-05	1704062319.4429092
1704062319.4429123	5.555152893066406e-05	1704062319.442968
1704062319.4429712	5.6743621826171875e-05	1704062319.443028
1704062319.4430313	5.698204040527344e-05	1704062319.4430883
1704062319.4430916	5.7220458984375e-05	1704062319.4431489
1704062319.443152	5.7220458984375e-05	1704062319.4432092
1704062319.4432123	5.53131103515625e-05	1704062319.4432676
1704062319.4432704	5.650520324707031e-05	1704062319.443327
1704062319.44333	6.0558319091796875e-05	1704062319.4433906
1704062319.443394	6.175041198730469e-05	1704062319.4434557
1704062319.4434593	6.794929504394531e-05	1704062319.4435272
1704062319.4435315	6.532669067382812e-05	1704062319.4435968
1704062319.4436004	6.270408630371094e-05	1704062319.4436631
1704062319.443667	6.437301635742188e-05	1704062319.4437313
1704062319.4437346	5.698204040527344e-05	1704062319.4437916
1704062319.443795	6.079673767089844e-05	1704062319.4438558
1704062319.4438627	6.508827209472656e-05	1704062319.4439278
1704062319.4439316	6.437301635742188e-05	1704062319.443996
1704062319.4439998	5.817413330078125e-05	1704062319.444058
1704062319.4440613	5.888938903808594e-05	1704062319.4441202
1704062319.4441235	5.984306335449219e-05	1704062319.4441833
1704062319.444187	6.628036499023438e-05	1704062319.4442532
1704062319.4442565	6.222724914550781e-05	1704062319.4443188
1704062319.4443223	5.8650970458984375e-05	1704062319.444381
1704062319.4443848	6.198883056640625e-05	1704062319.4444468
1704062319.4444501	5.936622619628906e-05	1704062319.4445095
1704062319.444513	5.9604644775390625e-05	1704062319.4445727
1704062319.444576	6.198883056640625e-05	1704062319.444638
1704062319.4446414	6.0558319091796875e-05	1704062319.444702
1704062319.4447057	6.246566772460938e-05	1704062319.4447682
1704062319.4447722	6.389617919921875e-05	1704062319.4448361
1704062319.4448426	6.747245788574219e-05	1704062319.44491
1704062319.444916	6.437301635742188e-05	1704062319.4449804
1704062319.4449844	6.723403930664062e-05	1704062319.4450517
1704062319.4450557	6.794929504394531e-05	1704062319.4451237
1704062319.4451275	6.914138793945312e-05	1704062319.4451966
1704062319.4452012	7.915496826171875e-05	1704062319.4452803
1704062319.4452848	8.225440979003906e-05	1704062319.445367
1704062319.4453719	8.296966552734375e-05	1704062319.4454548
1704062319.445459	7.534027099609375e-05	1704062319.4455342
1704062319.445539	8.726119995117188e-05	1704062319.4456263
1704062319.4456313	8.7738037109375e-05	1704062319.445719
1704062319.4457235	7.843971252441406e-05	1704062319.445802
1704062319.4458065	9.989738464355469e-05	1704062319.4459064
1704062319.4459114	8.368492126464844e-05	1704062319.445995
1704062319.4460006	8.106231689453125e-05	1704062319.4460816
1704062319.4460864	7.987022399902344e-05	1704062319.4461663
1704062319.4461706	8.034706115722656e-05	1704062319.446251
1704062319.446256	7.772445678710938e-05	1704062319.4463336
1704062319.4463384	8.511543273925781e-05	1704062319.4464235
1704062319.4464288	9.751319885253906e-05	1704062319.4465263
1704062319.4465315	9.012222290039062e-05	1704062319.4466217
1704062319.4466271	9.441375732421875e-05	1704062319.4467216
1704062319.4467273	9.489059448242188e-05	1704062319.4468222
1704062319.4468274	8.749961853027344e-05	1704062319.446915
1704062319.4469192	9.036064147949219e-05	1704062319.4470096
1704062319.4470146	9.1552734375e-05	1704062319.4471061
1704062319.447111	8.845329284667969e-05	1704062319.4471993
1704062319.4472036	0.000102996826171875	1704062319.4473066
1704062319.4473126	0.00010204315185546875	1704062319.4474146
1704062319.4474201	9.870529174804688e-05	1704062319.4475188
1704062319.4475245	9.751319885253906e-05	1704062319.447622
1704062319.4476283	0.00010013580322265625	1704062319.4477284
1704062319.4477334	8.702278137207031e-05	1704062319.4478204
1704062319.4478257	7.939338684082031e-05	1704062319.447905
1704062319.447909	7.128715515136719e-05	1704062319.4479804
1704062319.4479847	7.414817810058594e-05	1704062319.4480588
1704062319.4480634	7.200241088867188e-05	1704062319.4481354
1704062319.4481397	7.128715515136719e-05	1704062319.448211
1704062319.4482155	7.2479248046875e-05	1704062319.448288
1704062319.4482923	7.224082946777344e-05	1704062319.4483645
1704062319.4483685	7.176399230957031e-05	1704062319.4484403
1704062319.4484448	6.103515625e-05	1704062319.4485059
1704062319.4485092	5.507469177246094e-05	1704062319.4485643
1704062319.4485676	5.507469177246094e-05	1704062319.4486227
1704062319.4486258	5.53131103515625e-05	1704062319.448681
1704062319.4486842	5.316734313964844e-05	1704062319.4487374
1704062319.4487402	5.316734313964844e-05	1704062319.4487934
1704062319.4487965	5.4836273193359375e-05	1704062319.4488513
1704062319.4488544	5.459785461425781e-05	1704062319.448909
1704062319.4489121	5.626678466796875e-05	1704062319.4489684
1704062319.4489715	5.507469177246094e-05	1704062319.4490266
1704062319.4490297	5.53131103515625e-05	1704062319.449085
1704062319.4490883	5.412101745605469e-05	1704062319.4491425
1704062319.4491458	5.555152893066406e-05	1704062319.4492013
1704062319.4492047	5.507469177246094e-05	1704062319.4492598
1704062319.4492629	5.888938903808594e-05	1704062319.4493217
1704062319.449325	5.888938903808594e-05	1704062319.449384
1704062319.4493873	5.817413330078125e-05	1704062319.4494455
1704062319.4494493	7.176399230957031e-05	1704062319.449521
1704062319.449526	7.009506225585938e-05	1704062319.4495962
1704062319.4496002	6.771087646484375e-05	1704062319.449668
1704062319.4496717	6.699562072753906e-05	1704062319.4497387
1704062319.4497426	6.699562072753906e-05	1704062319.4498096
1704062319.4498136	6.818771362304688e-05	1704062319.4498818
1704062319.4498854	6.437301635742188e-05	1704062319.4499497
1704062319.4499536	6.532669067382812e-05	1704062319.450019
1704062319.4500225	6.389617919921875e-05	1704062319.4500864
1704062319.4500902	6.246566772460938e-05	1704062319.4501526
1704062319.4501567	6.246566772460938e-05	1704062319.4502192
1704062319.4502232	6.318092346191406e-05	1704062319.4502864
1704062319.4502904	6.937980651855469e-05	1704062319.4503598
1704062319.4503639	7.128715515136719e-05	1704062319.4504352
1704062319.4504387	6.961822509765625e-05	1704062319.4505084
1704062319.450517	8.463859558105469e-05	1704062319.4506016
1704062319.4506059	6.961822509765625e-05	1704062319.4506755
1704062319.4506795	6.890296936035156e-05	1704062319.4507484
1704062319.450752	6.365776062011719e-05	1704062319.4508157
1704062319.4508193	6.198883056640625e-05	1704062319.4508812
1704062319.4508865	6.008148193359375e-05	1704062319.4509466
1704062319.45095	5.7697296142578125e-05	1704062319.4510076
1704062319.4510107	6.341934204101562e-05	1704062319.4510741
1704062319.451078	5.9604644775390625e-05	1704062319.4511375
1704062319.451141	5.745887756347656e-05	1704062319.4511986
1704062319.4512017	5.7220458984375e-05	1704062319.451259
1704062319.451262	5.650520324707031e-05	1704062319.4513185
1704062319.4513218	5.793571472167969e-05	1704062319.4513798
1704062319.451383	6.4849853515625e-05	1704062319.451448
1704062319.4514525	7.62939453125e-05	1704062319.4515288
1704062319.4515333	7.557868957519531e-05	1704062319.451609
1704062319.4516134	7.605552673339844e-05	1704062319.4516895
1704062319.4516938	7.43865966796875e-05	1704062319.4517682
1704062319.4517732	8.440017700195312e-05	1704062319.4518576
1704062319.4518628	8.726119995117188e-05	1704062319.45195
1704062319.4519558	9.465217590332031e-05	1704062319.4520504
1704062319.4520576	9.489059448242188e-05	1704062319.4521525
1704062319.452157	7.677078247070312e-05	1704062319.4522338
1704062319.452238	7.414817810058594e-05	1704062319.4523122
1704062319.4523168	7.43865966796875e-05	1704062319.4523911
1704062319.452395	7.772445678710938e-05	1704062319.4524727
1704062319.452477	8.130073547363281e-05	1704062319.4525583
1704062319.4525623	7.200241088867188e-05	1704062319.4526343
1704062319.4526386	7.653236389160156e-05	1704062319.4527152
1704062319.4527192	5.984306335449219e-05	1704062319.452779
1704062319.4527822	5.269050598144531e-05	1704062319.4528348
1704062319.4528382	5.7220458984375e-05	1704062319.4528954
1704062319.4528987	5.7697296142578125e-05	1704062319.4529564
1704062319.4529593	5.602836608886719e-05	1704062319.4530153
1704062319.4530187	5.6743621826171875e-05	1704062319.4530754
1704062319.4530783	5.459785461425781e-05	1704062319.4531329
1704062319.4531362	5.9604644775390625e-05	1704062319.4531958
1704062319.453199	5.555152893066406e-05	1704062319.4532545
1704062319.453258	5.745887756347656e-05	1704062319.4533155
1704062319.453319	5.555152893066406e-05	1704062319.4533746
1704062319.4533782	5.650520324707031e-05	1704062319.4534347
1704062319.4534378	5.5789947509765625e-05	1704062319.4534936
1704062319.4534972	5.7220458984375e-05	1704062319.4535544
1704062319.4535575	5.650520324707031e-05	1704062319.453614
1704062319.4536176	5.7220458984375e-05	1704062319.4536748
1704062319.4536781	5.602836608886719e-05	1704062319.4537342
1704062319.4537375	5.650520324707031e-05	1704062319.453794
1704062319.4537973	5.507469177246094e-05	1704062319.4538524
1704062319.453856	5.507469177246094e-05	1704062319.453911
1704062319.4539142	5.507469177246094e-05	1704062319.4539692
1704062319.4539726	5.602836608886719e-05	1704062319.4540286
1704062319.454032	5.650520324707031e-05	1704062319.4540884
1704062319.4540918	5.6743621826171875e-05	1704062319.4541485
1704062319.4541519	6.389617919921875e-05	1704062319.4542158
1704062319.4542193	5.936622619628906e-05	1704062319.4542787
1704062319.4542818	5.364418029785156e-05	1704062319.4543355
1704062319.4543386	5.435943603515625e-05	1704062319.454393
1704062319.454396	5.4836273193359375e-05	1704062319.4544508
1704062319.454454	5.316734313964844e-05	1704062319.454507
1704062319.454513	5.745887756347656e-05	1704062319.4545705
1704062319.454582	5.888938903808594e-05	1704062319.4546409
1704062319.4546442	6.67572021484375e-05	1704062319.454711
1704062319.4547155	7.224082946777344e-05	1704062319.4547877
1704062319.4547908	5.435943603515625e-05	1704062319.4548452
1704062319.4548483	5.53131103515625e-05	1704062319.4549036
1704062319.4549084	5.817413330078125e-05	1704062319.4549665
1704062319.4549701	5.7220458984375e-05	1704062319.4550273
1704062319.4550314	6.008148193359375e-05	1704062319.4550915
1704062319.4550953	5.984306335449219e-05	1704062319.4551551
1704062319.4551587	6.461143493652344e-05	1704062319.4552233
1704062319.455227	6.0558319091796875e-05	1704062319.4552875
1704062319.455291	5.9604644775390625e-05	1704062319.4553506
1704062319.4553542	6.413459777832031e-05	1704062319.4554183
1704062319.4554222	6.604194641113281e-05	1704062319.4554882
1704062319.4554925	6.67572021484375e-05	1704062319.4555593
1704062319.4555626	6.341934204101562e-05	1704062319.455626
1704062319.4556298	7.891654968261719e-05	1704062319.4557087
1704062319.4557128	7.295608520507812e-05	1704062319.4557858
1704062319.4557893	8.130073547363281e-05	1704062319.4558706
1704062319.4558744	6.198883056640625e-05	1704062319.4559364
1704062319.45594	6.580352783203125e-05	1704062319.4560058
1704062319.4560091	5.888938903808594e-05	1704062319.456068
1704062319.4560845	6.151199340820312e-05	1704062319.456146
1704062319.4561498	5.9604644775390625e-05	1704062319.4562094
1704062319.4562128	6.127357482910156e-05	1704062319.456274
1704062319.4562778	6.246566772460938e-05	1704062319.4563403
1704062319.456344	6.103515625e-05	1704062319.456405
1704062319.4564085	6.437301635742188e-05	1704062319.4564729
1704062319.4564767	6.604194641113281e-05	1704062319.4565427
1704062319.4565468	8.511543273925781e-05	1704062319.456632
1704062319.4566371	0.00010013580322265625	1704062319.4567373
1704062319.4567423	9.322166442871094e-05	1704062319.4568355
1704062319.4568405	9.107589721679688e-05	1704062319.4569316
1704062319.456937	9.560585021972656e-05	1704062319.4570327
1704062319.4570384	0.00010585784912109375	1704062319.4571443
1704062319.4571507	0.00010704994201660156	1704062319.4572577
1704062319.4572647	9.870529174804688e-05	1704062319.4573634
1704062319.457369	9.560585021972656e-05	1704062319.4574647
1704062319.457471	9.5367431640625e-05	1704062319.4575663
1704062319.457571	7.963180541992188e-05	1704062319.4576507
1704062319.4576552	7.963180541992188e-05	1704062319.4577348
1704062319.4577396	7.843971252441406e-05	1704062319.457818
1704062319.4578226	7.915496826171875e-05	1704062319.4579017
1704062319.4579062	8.034706115722656e-05	1704062319.4579866
1704062319.4579906	7.581710815429688e-05	1704062319.4580665
1704062319.4580698	5.984306335449219e-05	1704062319.4581296
1704062319.4581327	5.888938903808594e-05	1704062319.4581916
1704062319.4581947	5.888938903808594e-05	1704062319.4582536
1704062319.4582572	6.031990051269531e-05	1704062319.4583175
1704062319.458321	6.270408630371094e-05	1704062319.4583838
1704062319.4583874	6.628036499023438e-05	1704062319.4584537
1704062319.458458	9.179115295410156e-05	1704062319.4585497
1704062319.4585538	7.390975952148438e-05	1704062319.4586277
1704062319.458632	7.462501525878906e-05	1704062319.4587066
1704062319.4587114	7.510185241699219e-05	1704062319.4587865
1704062319.458791	7.176399230957031e-05	1704062319.4588628
1704062319.4588726	7.367134094238281e-05	1704062319.4589462
1704062319.4589503	7.176399230957031e-05	1704062319.459022
1704062319.4590259	6.961822509765625e-05	1704062319.4590955
1704062319.4590995	7.224082946777344e-05	1704062319.4591718
1704062319.4591758	6.699562072753906e-05	1704062319.4592428
1704062319.4592462	7.414817810058594e-05	1704062319.4593203
1704062319.459325	8.654594421386719e-05	1704062319.4594116
1704062319.4594166	8.96453857421875e-05	1704062319.4595063
1704062319.4595113	9.369850158691406e-05	1704062319.459605
1704062319.4596107	8.916854858398438e-05	1704062319.4596999
1704062319.459705	8.797645568847656e-05	1704062319.459793
1704062319.459798	8.702278137207031e-05	1704062319.4598851
1704062319.4598897	7.939338684082031e-05	1704062319.459969
1704062319.459973	7.939338684082031e-05	1704062319.4600525
1704062319.4600573	9.393692016601562e-05	1704062319.4601512
1704062319.4601562	8.082389831542969e-05	1704062319.460237
1704062319.4602413	8.797645568847656e-05	1704062319.4603293
1704062319.460334	8.249282836914062e-05	1704062319.4604166
1704062319.4604213	8.988380432128906e-05	1704062319.4605112
1704062319.4605157	8.058547973632812e-05	1704062319.4605963
1704062319.4606009	9.1552734375e-05	1704062319.4606924
1704062319.460698	8.440017700195312e-05	1704062319.4607823
1704062319.4607873	7.867813110351562e-05	1704062319.460866
1704062319.4608707	8.034706115722656e-05	1704062319.460951
1704062319.4609554	6.699562072753906e-05	1704062319.4610224
1704062319.461026	5.459785461425781e-05	1704062319.4610806
1704062319.4610837	5.054473876953125e-05	1704062319.4611342
1704062319.4611368	5.0067901611328125e-05	1704062319.461187
1704062319.4611893	4.982948303222656e-05	1704062319.461239
1704062319.461242	5.078315734863281e-05	1704062319.4612927
1704062319.4612958	5.14984130859375e-05	1704062319.4613473
1704062319.4613502	5.173683166503906e-05	1704062319.461402
1704062319.4614046	5.054473876953125e-05	1704062319.461455
1704062319.461458	5.030632019042969e-05	1704062319.4615083
1704062319.4615114	5.0067901611328125e-05	1704062319.4615614
1704062319.4615643	5.078315734863281e-05	1704062319.461615
1704062319.461618	4.935264587402344e-05	1704062319.4616673
1704062319.46167	5.054473876953125e-05	1704062319.4617205
1704062319.461723	6.270408630371094e-05	1704062319.4617858
1704062319.4617891	6.079673767089844e-05	1704062319.46185
1704062319.4618533	5.8650970458984375e-05	1704062319.461912
1704062319.4619155	6.628036499023438e-05	1704062319.4619818
1704062319.4619875	7.605552673339844e-05	1704062319.4620636
1704062319.4620686	7.772445678710938e-05	1704062319.4621463
1704062319.4621508	7.534027099609375e-05	1704062319.4622262
1704062319.4622302	8.0108642578125e-05	1704062319.4623103
1704062319.4623148	7.510185241699219e-05	1704062319.46239
1704062319.4623945	7.653236389160156e-05	1704062319.462471
1704062319.4624755	8.559226989746094e-05	1704062319.4625611
1704062319.4625657	7.748603820800781e-05	1704062319.4626431
1704062319.4626472	7.43865966796875e-05	1704062319.4627216
1704062319.4627259	6.914138793945312e-05	1704062319.462795
1704062319.4627988	6.437301635742188e-05	1704062319.4628632
1704062319.462867	6.389617919921875e-05	1704062319.462931
1704062319.4629347	6.318092346191406e-05	1704062319.462998
1704062319.4630013	6.031990051269531e-05	1704062319.4630616
1704062319.4630654	6.0558319091796875e-05	1704062319.463126
1704062319.4631295	5.888938903808594e-05	1704062319.4631884
1704062319.4631915	5.364418029785156e-05	1704062319.4632452
1704062319.46325	5.1021575927734375e-05	1704062319.463301
1704062319.463304	5.340576171875e-05	1704062319.4633574
1704062319.4633646	6.198883056640625e-05	1704062319.4634266
1704062319.4634302	5.841255187988281e-05	1704062319.4634886
1704062319.463492	6.222724914550781e-05	1704062319.4635541
1704062319.463558	6.461143493652344e-05	1704062319.4636226
1704062319.463627	6.628036499023438e-05	1704062319.4636934
1704062319.463697	6.723403930664062e-05	1704062319.4637642
1704062319.463768	8.535385131835938e-05	1704062319.4638534
1704062319.4638608	6.413459777832031e-05	1704062319.463925
1704062319.4639285	6.556510925292969e-05	1704062319.463994
1704062319.4639978	7.009506225585938e-05	1704062319.464068
1704062319.4640708	6.29425048828125e-05	1704062319.4641337
1704062319.4641378	6.842613220214844e-05	1704062319.4642062
1704062319.4642103	6.4849853515625e-05	1704062319.4642751
1704062319.4642787	6.127357482910156e-05	1704062319.46434
1704062319.4643435	6.0558319091796875e-05	1704062319.464404
1704062319.464408	5.984306335449219e-05	1704062319.4644678
1704062319.4644713	8.273124694824219e-05	1704062319.464554
1704062319.4645588	8.511543273925781e-05	1704062319.464644
1704062319.4646487	8.702278137207031e-05	1704062319.4647357
1704062319.4647408	9.822845458984375e-05	1704062319.464839
1704062319.464844	8.702278137207031e-05	1704062319.464931
1704062319.4649365	8.821487426757812e-05	1704062319.4650247
1704062319.46503	8.988380432128906e-05	1704062319.4651198
1704062319.4651248	8.869171142578125e-05	1704062319.4652135
1704062319.4652185	8.940696716308594e-05	1704062319.465308
1704062319.4653134	9.799003601074219e-05	1704062319.4654114
1704062319.4654171	9.608268737792969e-05	1704062319.4655132
1704062319.4655194	8.96453857421875e-05	1704062319.465609
1704062319.4656146	8.940696716308594e-05	1704062319.465704
1704062319.465709	9.250640869140625e-05	1704062319.4658015
1704062319.4658062	8.130073547363281e-05	1704062319.4658875
1704062319.4658926	8.535385131835938e-05	1704062319.465978
1704062319.4659824	6.103515625e-05	1704062319.4660435
1704062319.4660468	6.031990051269531e-05	1704062319.4661071
1704062319.4661107	6.604194641113281e-05	1704062319.4661767
1704062319.466181	7.176399230957031e-05	1704062319.4662528
1704062319.4662573	7.295608520507812e-05	1704062319.4663303
1704062319.4663348	7.319450378417969e-05	1704062319.466408
1704062319.4664123	7.700920104980469e-05	1704062319.4664893
1704062319.4664938	8.153915405273438e-05	1704062319.4665754
1704062319.4665797	7.271766662597656e-05	1704062319.4666524
1704062319.4666562	6.222724914550781e-05	1704062319.4667184
1704062319.4667218	6.580352783203125e-05	1704062319.4667876
1704062319.4667914	6.818771362304688e-05	1704062319.4668596
1704062319.4668634	7.343292236328125e-05	1704062319.4669368
1704062319.4669404	6.723403930664062e-05	1704062319.4670076
1704062319.467012	6.628036499023438e-05	1704062319.4670782
1704062319.467082	6.413459777832031e-05	1704062319.4671462
1704062319.4671493	6.222724914550781e-05	1704062319.4672115
1704062319.467215	5.936622619628906e-05	1704062319.4672744
1704062319.4672773	5.6743621826171875e-05	1704062319.467334
1704062319.4673374	5.817413330078125e-05	1704062319.4673955
1704062319.467399	6.914138793945312e-05	1704062319.467468
1704062319.4674726	6.198883056640625e-05	1704062319.4675345
1704062319.467538	6.389617919921875e-05	1704062319.467602
1704062319.4676056	6.651878356933594e-05	1704062319.467672
1704062319.4676776	6.0558319091796875e-05	1704062319.4677382
1704062319.467742	6.985664367675781e-05	1704062319.4678118
1704062319.4678154	6.341934204101562e-05	1704062319.4678788
1704062319.4678826	8.58306884765625e-05	1704062319.4679685
1704062319.4679742	9.465217590332031e-05	1704062319.4680688
1704062319.4680743	8.749961853027344e-05	1704062319.4681618
1704062319.4681668	8.463859558105469e-05	1704062319.4682515
1704062319.468257	8.344650268554688e-05	1704062319.4683404
1704062319.4683454	8.106231689453125e-05	1704062319.4684265
1704062319.4684315	8.034706115722656e-05	1704062319.4685118
1704062319.4685166	8.058547973632812e-05	1704062319.4685972
1704062319.4686022	7.891654968261719e-05	1704062319.468681
1704062319.468686	8.082389831542969e-05	1704062319.468767
1704062319.468772	8.153915405273438e-05	1704062319.4688535
1704062319.4688578	8.606910705566406e-05	1704062319.4689438
1704062319.468949	8.845329284667969e-05	1704062319.4690375
1704062319.4690433	8.249282836914062e-05	1704062319.4691257
1704062319.4691296	6.318092346191406e-05	1704062319.4691927
1704062319.4691963	6.651878356933594e-05	1704062319.4692628
1704062319.469267	6.747245788574219e-05	1704062319.4693344
1704062319.469338	5.936622619628906e-05	1704062319.4693973
1704062319.469401	6.747245788574219e-05	1704062319.4694684
1704062319.4694722	6.699562072753906e-05	1704062319.4695392
1704062319.469543	6.890296936035156e-05	1704062319.469612
1704062319.4696155	6.794929504394531e-05	1704062319.4696834
1704062319.4696875	7.128715515136719e-05	1704062319.4697587
1704062319.4697633	7.271766662597656e-05	1704062319.469836
1704062319.4698403	7.009506225585938e-05	1704062319.4699104
1704062319.4699144	7.43865966796875e-05	1704062319.4699888
1704062319.4699934	7.748603820800781e-05	1704062319.4700708
1704062319.4700754	7.867813110351562e-05	1704062319.470154
1704062319.4701588	7.700920104980469e-05	1704062319.4702358
1704062319.4702404	6.842613220214844e-05	1704062319.4703088
1704062319.4703145	9.679794311523438e-05	1704062319.4704113
1704062319.4704168	0.00010371208190917969	1704062319.4705205
1704062319.470527	9.822845458984375e-05	1704062319.4706252
1704062319.4706304	9.1552734375e-05	1704062319.470722
1704062319.4707277	8.58306884765625e-05	1704062319.4708135
1704062319.4708183	9.226799011230469e-05	1704062319.4709105
1704062319.470916	8.273124694824219e-05	1704062319.4709988
1704062319.471003	7.748603820800781e-05	1704062319.4710805
1704062319.471085	7.557868957519531e-05	1704062319.4711607
1704062319.471165	7.581710815429688e-05	1704062319.4712408
1704062319.471245	6.818771362304688e-05	1704062319.4713132
1704062319.4713173	6.628036499023438e-05	1704062319.4713836
1704062319.4713876	6.723403930664062e-05	1704062319.4714549
1704062319.471459	6.651878356933594e-05	1704062319.4715254
1704062319.4715292	6.556510925292969e-05	1704062319.4715948
1704062319.4715986	5.91278076171875e-05	1704062319.4716578
1704062319.471661	5.2928924560546875e-05	1704062319.471714
1704062319.4717174	5.9604644775390625e-05	1704062319.471777
1704062319.4717805	5.888938903808594e-05	1704062319.4718394
1704062319.4718428	6.914138793945312e-05	1704062319.471912
1704062319.4719162	7.724761962890625e-05	1704062319.4719934
1704062319.471998	8.0108642578125e-05	1704062319.472078
1704062319.4720821	6.985664367675781e-05	1704062319.472152
1704062319.4721558	7.796287536621094e-05	1704062319.4722338
1704062319.4722376	6.890296936035156e-05	1704062319.4723065
1704062319.4723105	6.842613220214844e-05	1704062319.472379
1704062319.4723828	6.723403930664062e-05	1704062319.47245
1704062319.472454	6.794929504394531e-05	1704062319.472522
1704062319.472526	6.747245788574219e-05	1704062319.4725935
1704062319.4725976	6.866455078125e-05	1704062319.4726663
1704062319.4726698	6.508827209472656e-05	1704062319.472735
1704062319.4727383	5.841255187988281e-05	1704062319.4727967
1704062319.4728	5.817413330078125e-05	1704062319.4728582
1704062319.4728615	5.817413330078125e-05	1704062319.4729197
1704062319.4729233	5.936622619628906e-05	1704062319.4729826
1704062319.4729862	7.176399230957031e-05	1704062319.473058
1704062319.4730625	7.510185241699219e-05	1704062319.4731376
1704062319.4731424	7.319450378417969e-05	1704062319.4732156
1704062319.4732196	7.05718994140625e-05	1704062319.4732902
1704062319.473294	7.104873657226562e-05	1704062319.473365
1704062319.4733691	7.033348083496094e-05	1704062319.4734395
1704062319.4734433	7.05718994140625e-05	1704062319.4735138
1704062319.4735177	7.224082946777344e-05	1704062319.47359
1704062319.4735942	7.414817810058594e-05	1704062319.4736683
1704062319.4736724	7.43865966796875e-05	1704062319.4737468
1704062319.4737508	6.866455078125e-05	1704062319.4738195
1704062319.4738235	7.176399230957031e-05	1704062319.4738953
1704062319.4738986	5.507469177246094e-05	1704062319.4739537
1704062319.4739568	4.9591064453125e-05	1704062319.4740064
1704062319.4740093	4.887580871582031e-05	1704062319.4740582
1704062319.4740613	4.839897155761719e-05	1704062319.4741096
1704062319.4741125	5.054473876953125e-05	1704062319.474163
1704062319.474166	4.839897155761719e-05	1704062319.4742143
1704062319.4742174	5.030632019042969e-05	1704062319.4742677
1704062319.4742708	4.887580871582031e-05	1704062319.4743197
1704062319.4743223	5.030632019042969e-05	1704062319.4743726
1704062319.4743757	4.863739013671875e-05	1704062319.4744244
1704062319.4744272	4.839897155761719e-05	1704062319.4744756
1704062319.4744785	5.2928924560546875e-05	1704062319.4745314
1704062319.4745345	5.8650970458984375e-05	1704062319.4745932
1704062319.4745965	6.532669067382812e-05	1704062319.4746618
1704062319.4746659	7.534027099609375e-05	1704062319.4747412
1704062319.4747458	6.747245788574219e-05	1704062319.4748132
1704062319.4748166	6.079673767089844e-05	1704062319.4748774
1704062319.474881	6.198883056640625e-05	1704062319.474943
1704062319.474946	5.5789947509765625e-05	1704062319.4750018
1704062319.4750051	5.2928924560546875e-05	1704062319.475058
1704062319.475061	5.1975250244140625e-05	1704062319.475113
1704062319.4751158	5.507469177246094e-05	1704062319.4751709
1704062319.475174	5.602836608886719e-05	1704062319.47523
1704062319.4752328	6.127357482910156e-05	1704062319.475294
1704062319.4752972	5.5789947509765625e-05	1704062319.475353
1704062319.4753563	5.459785461425781e-05	1704062319.475411
1704062319.475414	5.555152893066406e-05	1704062319.4754696
1704062319.4754722	5.316734313964844e-05	1704062319.4755254
1704062319.4755282	5.340576171875e-05	1704062319.4755816
1704062319.4755845	5.340576171875e-05	1704062319.475638
1704062319.4756408	5.459785461425781e-05	1704062319.4756954
1704062319.4756985	5.316734313964844e-05	1704062319.4757516
1704062319.4757547	5.6743621826171875e-05	1704062319.4758115
1704062319.4758148	5.793571472167969e-05	1704062319.4758728
1704062319.475876	5.817413330078125e-05	1704062319.4759343
1704062319.4759378	6.0558319091796875e-05	1704062319.4759984
1704062319.4760022	5.841255187988281e-05	1704062319.4760606
1704062319.4760642	5.888938903808594e-05	1704062319.476123
1704062319.4761264	5.936622619628906e-05	1704062319.4761858
1704062319.4761894	6.246566772460938e-05	1704062319.4762518
1704062319.4762554	5.9604644775390625e-05	1704062319.476315
1704062319.4763184	5.412101745605469e-05	1704062319.4763725
1704062319.4763758	5.459785461425781e-05	1704062319.4764304
1704062319.4764335	5.698204040527344e-05	1704062319.4764905
1704062319.4764938	5.626678466796875e-05	1704062319.47655
1704062319.4765532	5.340576171875e-05	1704062319.4766066
1704062319.4766097	5.626678466796875e-05	1704062319.476666
1704062319.476669	5.6743621826171875e-05	1704062319.4767258
1704062319.4767292	6.198883056640625e-05	1704062319.4767911
1704062319.4767947	6.4849853515625e-05	1704062319.4768596
1704062319.4768634	6.794929504394531e-05	1704062319.4769313
1704062319.476935	6.67572021484375e-05	1704062319.4770017
1704062319.4770057	6.699562072753906e-05	1704062319.4770727
1704062319.4770768	6.556510925292969e-05	1704062319.4771423
1704062319.4771466	6.723403930664062e-05	1704062319.4772139
1704062319.4772182	7.295608520507812e-05	1704062319.477291
1704062319.4772947	6.341934204101562e-05	1704062319.477358
1704062319.4773614	5.7220458984375e-05	1704062319.4774187
1704062319.477422	5.698204040527344e-05	1704062319.477479
1704062319.4774823	5.7697296142578125e-05	1704062319.47754
1704062319.4775436	5.7697296142578125e-05	1704062319.4776013
1704062319.4776049	6.008148193359375e-05	1704062319.477665
1704062319.4776685	6.175041198730469e-05	1704062319.4777303
1704062319.4777339	6.103515625e-05	1704062319.477795
1704062319.4777985	5.793571472167969e-05	1704062319.4778564
1704062319.4778602	5.817413330078125e-05	1704062319.4779184
1704062319.477925	6.4849853515625e-05	1704062319.47799
1704062319.4779932	5.507469177246094e-05	1704062319.4780483
1704062319.4780514	6.008148193359375e-05	1704062319.4781115
1704062319.4781153	6.198883056640625e-05	1704062319.4781773
1704062319.478181	6.4849853515625e-05	1704062319.4782457
1704062319.4782495	6.628036499023438e-05	1704062319.4783158
1704062319.4783192	6.103515625e-05	1704062319.4783802
1704062319.4783838	6.246566772460938e-05	1704062319.4784462
1704062319.4784496	5.793571472167969e-05	1704062319.4785075
1704062319.4785144	6.270408630371094e-05	1704062319.4785771
1704062319.4785807	7.176399230957031e-05	1704062319.4786525
1704062319.4786563	6.437301635742188e-05	1704062319.4787207
1704062319.4787242	6.437301635742188e-05	1704062319.4787886
1704062319.4787922	6.461143493652344e-05	1704062319.4788568
1704062319.4788606	5.888938903808594e-05	1704062319.4789195
1704062319.4789233	6.318092346191406e-05	1704062319.4789865
1704062319.47899	6.461143493652344e-05	1704062319.4790547
1704062319.4790583	6.413459777832031e-05	1704062319.4791224
1704062319.479126	6.389617919921875e-05	1704062319.4791899
1704062319.4791937	6.67572021484375e-05	1704062319.4792604
1704062319.4792638	6.031990051269531e-05	1704062319.479324
1704062319.4793274	6.031990051269531e-05	1704062319.4793878
1704062319.4793909	6.008148193359375e-05	1704062319.479451
1704062319.4794543	5.9604644775390625e-05	1704062319.479514
1704062319.4795172	5.817413330078125e-05	1704062319.4795754
1704062319.4795804	8.273124694824219e-05	1704062319.4796631
1704062319.4796681	8.320808410644531e-05	1704062319.4797513
1704062319.4797564	8.392333984375e-05	1704062319.4798403
1704062319.4798453	8.440017700195312e-05	1704062319.4799297
1704062319.4799345	8.440017700195312e-05	1704062319.4800189
1704062319.4800239	9.512901306152344e-05	1704062319.480119
1704062319.480124	8.416175842285156e-05	1704062319.4802082
